1.284627556800842285e+00 1.126938939094543457e+00
1.566803574562072754e+00 1.792371511459350586e+00
1.041398763656616211e+00 1.027557015419006348e+00
9.019358754158020020e-01 1.002202868461608887e+00
9.968543052673339844e-01 1.183723211288452148e+00
9.737614393234252930e-01 1.076735734939575195e+00
8.229655623435974121e-01 9.093825221061706543e-01
6.821232438087463379e-01 8.248530626296997070e-01
6.179667711257934570e-01 8.167622089385986328e-01
6.027617454528808594e-01 8.361951708793640137e-01
5.637218952178955078e-01 8.408788442611694336e-01
4.597410261631011963e-01 8.135026693344116211e-01
3.343253135681152344e-01 7.611563801765441895e-01
2.677662372589111328e-01 7.011019587516784668e-01
2.694190442562103271e-01 6.477941274642944336e-01
2.305125147104263306e-01 6.081669926643371582e-01
1.597041487693786621e-01 5.825796723365783691e-01
1.622990667819976807e-01 5.640676021575927734e-01
1.658696532249450684e-01 5.391414165496826172e-01
1.149031221866607666e-01 5.003491640090942383e-01
1.080614626407623291e-01 4.445616006851196289e-01
1.138146445155143738e-01 4.016768932342529297e-01
1.037245616316795349e-01 4.028540551662445068e-01
9.338606894016265869e-02 3.956753313541412354e-01
8.588609099388122559e-02 3.405514359474182129e-01
9.808653593063354492e-02 2.900814414024353027e-01
1.022146791219711304e-01 2.933002412319183350e-01
7.990716397762298584e-02 2.875688076019287109e-01
7.225645333528518677e-02 2.601820528507232666e-01
7.138670980930328369e-02 2.420973330736160278e-01
