1.273658394813537598e+00
1.304799437522888184e+00
1.105844020843505859e+00
1.158635258674621582e+00
1.222738981246948242e+00
1.183327674865722656e+00
1.092042922973632812e+00
1.007537126541137695e+00
9.417781829833984375e-01
8.986670970916748047e-01
8.774138092994689941e-01
8.316013216972351074e-01
7.711649537086486816e-01
7.496579885482788086e-01
7.575455904006958008e-01
7.254031896591186523e-01
6.637833118438720703e-01
6.567704677581787109e-01
6.382024288177490234e-01
5.790794491767883301e-01
5.405968427658081055e-01
5.328245162963867188e-01
5.468617081642150879e-01
5.433316230773925781e-01
5.088777542114257812e-01
4.803678095340728760e-01
4.766899049282073975e-01
4.570628404617309570e-01
4.385027885437011719e-01
4.321005940437316895e-01
