9.670856595039367676e-01 1.580231070518493652e+00
1.052303314208984375e+00 1.557295560836791992e+00
8.881831169128417969e-01 1.323504805564880371e+00
8.337888121604919434e-01 1.483481764793395996e+00
8.538614511489868164e-01 1.591616630554199219e+00
8.406512141227722168e-01 1.526004076004028320e+00
7.810330390930175781e-01 1.403052687644958496e+00
7.141598463058471680e-01 1.300914525985717773e+00
6.676518917083740234e-01 1.215904474258422852e+00
6.271614432334899902e-01 1.170172810554504395e+00
5.957499742507934570e-01 1.159077644348144531e+00
5.311502218246459961e-01 1.132052421569824219e+00
4.433133304119110107e-01 1.099016547203063965e+00
4.202898740768432617e-01 1.079026103019714355e+00
4.505916237831115723e-01 1.064499497413635254e+00
4.032784104347229004e-01 1.047527909278869629e+00
3.107641339302062988e-01 1.016802430152893066e+00
3.333577215671539307e-01 9.801831841468811035e-01
3.376408517360687256e-01 9.387639760971069336e-01
2.734451293945312500e-01 8.847137689590454102e-01
2.690455019474029541e-01 8.121482133865356445e-01
2.878433763980865479e-01 7.778056263923645020e-01
2.736577987670898438e-01 8.200656175613403320e-01
2.534736096858978271e-01 8.331896662712097168e-01
2.496656179428100586e-01 7.680898904800415039e-01
2.729045748710632324e-01 6.878310441970825195e-01
2.701009511947631836e-01 6.832788586616516113e-01
2.396521866321563721e-01 6.744735240936279297e-01
2.294078022241592407e-01 6.475977897644042969e-01
2.221100181341171265e-01 6.420911550521850586e-01
