1.205783247947692871e+00
1.679587602615356445e+00
1.034477949142456055e+00
9.520694017410278320e-01
1.090288758277893066e+00
1.025248527526855469e+00
8.661740422248840332e-01
7.534881830215454102e-01
7.173644900321960449e-01
7.194784879684448242e-01
7.023003697395324707e-01
6.366218328475952148e-01
5.477408170700073242e-01
4.844340980052947998e-01
4.586066007614135742e-01
4.193397462368011475e-01
3.711419105529785156e-01
3.631833195686340332e-01
3.525055348873138428e-01
3.076261281967163086e-01
2.763115167617797852e-01
2.577457726001739502e-01
2.532893121242523193e-01
2.445307075977325439e-01
2.132187634706497192e-01
1.940839886665344238e-01
1.977574527263641357e-01
1.837379932403564453e-01
1.662192493677139282e-01
1.567420214414596558e-01
